pga 64

cfg {'head': {'config_name': u'Column 1', 'num_repeats': 6, 'num_sections': 1, 'scan_type': 2, 'scanConfig_serial_number': u'6110022', 'scanConfigIndex': 31}, 'section': [{'exposure_time': 0, 'wavelength_end_nm': 1700, 'wavelength_start_nm': 900, 'num_patterns': 228, 'section_scan_type': 0, 'width_px': 6}, {'exposure_time': 0, 'wavelength_end_nm': 0, 'wavelength_start_nm': 0, 'num_patterns': 0, 'section_scan_type': 0, 'width_px': 0}, {'exposure_time': 0, 'wavelength_end_nm': 0, 'wavelength_start_nm': 0, 'num_patterns': 0, 'section_scan_type': 0, 'width_px': 0}, {'exposure_time': 0, 'wavelength_end_nm': 0, 'wavelength_start_nm': 0, 'num_patterns': 0, 'section_scan_type': 0, 'width_px': 0}, {'exposure_time': 0, 'wavelength_end_nm': 0, 'wavelength_start_nm': 0, 'num_patterns': 0, 'section_scan_type': 0, 'width_px': 0}]}

month 3

second 0

year 20

wavelength [901.5367451683952, 905.4220595609191, 909.30288256067, 913.1792141676481, 917.0510543818531, 922.2065213898128, 926.0678816875476, 929.9247505925093, 933.777128104698, 937.6250142241138, 941.4684089507566, 945.3073122846265, 950.4188634521395, 954.2472868695389, 958.0712188941654, 961.890659526019, 965.7056087650997, 969.5160666114073, 974.5896904621706, 978.3896683920079, 982.1851549290723, 985.9761500733636, 989.762653824882, 993.5446661836274, 997.3221871495999, 1002.3518951599164, 1006.1189362094184, 1009.8814858661476, 1013.6395441301039, 1017.393111001287, 1021.1421864796973, 1026.133967173264, 1029.8725627352042, 1033.606666904371, 1037.336279680765, 1041.061401064386, 1044.782031055234, 1048.498169653309, 1053.446034506429, 1057.1516931880337, 1060.8528604768655, 1064.5495363729246, 1068.2417208762104, 1071.9294139867231, 1076.8393515230935, 1080.5165647171361, 1084.1892865184057, 1087.8575169269025, 1091.5212559426259, 1095.1805035655766, 1098.8352597957542, 1103.7012814916775, 1107.345557805385, 1110.9853427263197, 1114.6206362544808, 1118.2514383898692, 1121.877749132485, 1126.7058435116587, 1130.3216743378039, 1133.933013771176, 1137.5398618117754, 1141.1422184596017, 1144.7400837146547, 1148.3334575769354, 1153.1176361156622, 1156.7005300614721, 1160.2789326145091, 1163.8528437747732, 1167.4222635422643, 1170.9871919169823, 1174.5476288989275, 1179.2878915972076, 1182.8378486626825, 1186.3833143353843, 1189.9242886153131, 1193.460771502469, 1196.992762996852, 1201.6950983783825, 1205.216609956295, 1208.7336301414348, 1212.2461589338013, 1215.7541963333952, 1219.2577423402158, 1222.7567969542636, 1227.415216495347, 1230.9037911929245, 1234.3878744977292, 1237.8674664097607, 1241.342566929019, 1244.8131760555048, 1249.4336682798385, 1252.8937974898538, 1256.349435307096, 1259.8005817315654, 1263.2472367632618, 1266.6894004021851, 1270.1270726483353, 1274.7036490322225, 1278.1308413619026, 1281.5535422988096, 1284.9717518429438, 1288.385469994305, 1291.794696752893, 1296.3333458200304, 1299.7320926621483, 1303.1263481114934, 1306.5161121680653, 1309.901384831864, 1313.2821661028902, 1316.658455981143, 1321.1531892078337, 1324.5189991696163, 1327.880317738626, 1331.237144914863, 1334.5894806983265, 1337.9373250890176, 1342.3941309989582, 1345.7314954731787, 1349.0643685546263, 1352.392750243301, 1355.7166405392024, 1359.036039442331, 1362.3509469526866, 1366.7638370221807, 1370.068264616066, 1373.3682008171784, 1376.6636456255178, 1379.9545990410843, 1383.2410610638776, 1387.616023816622, 1390.8920059229451, 1394.1634966364952, 1397.4304959572723, 1400.6930038852765, 1403.9510204205078, 1407.2045455629661, 1411.5355924752635, 1414.7786377012515, 1418.0171915344665, 1421.2512539749084, 1424.4808250225774, 1427.7059046774734, 1430.9264929395968, 1435.213624011447, 1438.4237323571, 1441.6293493099797, 1444.8304748700866, 1448.0271090374204, 1451.2192518119814, 1455.4684555670822, 1458.6501184251729, 1461.8272898904904, 1464.999969963035, 1468.1681586428067, 1471.3318559298054, 1474.491061824031, 1478.696349738685, 1481.8450757164405, 1484.9893103014228, 1488.1290534936325, 1491.264305293069, 1494.3950656997324, 1498.5624262976369, 1501.68270678783, 1504.7984958852503, 1507.9097935898974, 1511.0165999017718, 1514.118914820873, 1517.2167383472013, 1521.340183104659, 1524.427526714517, 1527.510378931602, 1530.588739755914, 1533.6626091874532, 1536.7319872262192, 1540.817504666927, 1543.876402789223, 1546.930809518746, 1549.9807248554957, 1553.0261487994726, 1556.0670813506765, 1559.1035225091075, 1563.1451241093685, 1566.171085351329, 1569.1925552005168, 1572.2095336569316, 1575.2220207205733, 1578.230016391442, 1582.2336906749536, 1585.231206429352, 1588.2242307909773, 1591.2127637598298, 1594.1968053359094, 1597.176355519216, 1600.1514143097495, 1604.1111727528141, 1607.0757516268773, 1610.0358391081675, 1612.991435196685, 1615.9425398924293, 1618.8891531954005, 1621.831275105599, 1625.7471177082166, 1628.6787597019447, 1631.6059103028997, 1634.528569511082, 1637.446737326491, 1640.3604137491272, 1644.2383290349953, 1647.1415255411612, 1650.040230654554, 1652.934444375174, 1655.824166703021, 1658.709397638095, 1661.590137180396, 1665.424136625817, 1668.2943962516479, 1671.1601644847055, 1674.0214413249903, 1676.878226772502, 1679.730520827241, 1683.5265929559125, 1686.368407094181, 1689.2057298396765, 1692.0385611923991, 1694.8669011523486, 1697.6907497195252, 1700.5101068939289, 0.0, 0.0, 0.0, 0.0, 0.0, 0.0, 0.0, 0.0, 0.0, 0.0, 0.0, 0.0, 0.0, 0.0, 0.0, 0.0, 0.0, 0.0, 0.0, 0.0, 0.0, 0.0, 0.0, 0.0, 0.0, 0.0, 0.0, 0.0, 0.0, 0.0, 0.0, 0.0, 0.0, 0.0, 0.0, 0.0, 0.0, 0.0, 0.0, 0.0, 0.0, 0.0, 0.0, 0.0, 0.0, 0.0, 0.0, 0.0, 0.0, 0.0, 0.0, 0.0, 0.0, 0.0, 0.0, 0.0, 0.0, 0.0, 0.0, 0.0, 0.0, 0.0, 0.0, 0.0, 0.0, 0.0, 0.0, 0.0, 0.0, 0.0, 0.0, 0.0, 0.0, 0.0, 0.0, 0.0, 0.0, 0.0, 0.0, 0.0, 0.0, 0.0, 0.0, 0.0, 0.0, 0.0, 0.0, 0.0, 0.0, 0.0, 0.0, 0.0, 0.0, 0.0, 0.0, 0.0, 0.0, 0.0, 0.0, 0.0, 0.0, 0.0, 0.0, 0.0, 0.0, 0.0, 0.0, 0.0, 0.0, 0.0, 0.0, 0.0, 0.0, 0.0, 0.0, 0.0, 0.0, 0.0, 0.0, 0.0, 0.0, 0.0, 0.0, 0.0, 0.0, 0.0, 0.0, 0.0, 0.0, 0.0, 0.0, 0.0, 0.0, 0.0, 0.0, 0.0, 0.0, 0.0, 0.0, 0.0, 0.0, 0.0, 0.0, 0.0, 0.0, 0.0, 0.0, 0.0, 0.0, 0.0, 0.0, 0.0, 0.0, 0.0, 0.0, 0.0, 0.0, 0.0, 0.0, 0.0, 0.0, 0.0, 0.0, 0.0, 0.0, 0.0, 0.0, 0.0, 0.0, 0.0, 0.0, 0.0, 0.0, 0.0, 0.0, 0.0, 0.0, 0.0, 0.0, 0.0, 0.0, 0.0, 0.0, 0.0, 0.0, 0.0, 0.0, 0.0, 0.0, 0.0, 0.0, 0.0, 0.0, 0.0, 0.0, 0.0, 0.0, 0.0, 0.0, 0.0, 0.0, 0.0, 0.0, 0.0, 0.0, 0.0, 0.0, 0.0, 0.0, 0.0, 0.0, 0.0, 0.0, 0.0, 0.0, 0.0, 0.0, 0.0, 0.0, 0.0, 0.0, 0.0, 0.0, 0.0, 0.0, 0.0, 0.0, 0.0, 0.0, 0.0, 0.0, 0.0, 0.0, 0.0, 0.0, 0.0, 0.0, 0.0, 0.0, 0.0, 0.0, 0.0, 0.0, 0.0, 0.0, 0.0, 0.0, 0.0, 0.0, 0.0, 0.0, 0.0, 0.0, 0.0, 0.0, 0.0, 0.0, 0.0, 0.0, 0.0, 0.0, 0.0, 0.0, 0.0, 0.0, 0.0, 0.0, 0.0, 0.0, 0.0, 0.0, 0.0, 0.0, 0.0, 0.0, 0.0, 0.0, 0.0, 0.0, 0.0, 0.0, 0.0, 0.0, 0.0, 0.0, 0.0, 0.0, 0.0, 0.0, 0.0, 0.0, 0.0, 0.0, 0.0, 0.0, 0.0, 0.0, 0.0, 0.0, 0.0, 0.0, 0.0, 0.0, 0.0, 0.0, 0.0, 0.0, 0.0, 0.0, 0.0, 0.0, 0.0, 0.0, 0.0, 0.0, 0.0, 0.0, 0.0, 0.0, 0.0, 0.0, 0.0, 0.0, 0.0, 0.0, 0.0, 0.0, 0.0, 0.0, 0.0, 0.0, 0.0, 0.0, 0.0, 0.0, 0.0, 0.0, 0.0, 0.0, 0.0, 0.0, 0.0, 0.0, 0.0, 0.0, 0.0, 0.0, 0.0, 0.0, 0.0, 0.0, 0.0, 0.0, 0.0, 0.0, 0.0, 0.0, 0.0, 0.0, 0.0, 0.0, 0.0, 0.0, 0.0, 0.0, 0.0, 0.0, 0.0, 0.0, 0.0, 0.0, 0.0, 0.0, 0.0, 0.0, 0.0, 0.0, 0.0, 0.0, 0.0, 0.0, 0.0, 0.0, 0.0, 0.0, 0.0, 0.0, 0.0, 0.0, 0.0, 0.0, 0.0, 0.0, 0.0, 0.0, 0.0, 0.0, 0.0, 0.0, 0.0, 0.0, 0.0, 0.0, 0.0, 0.0, 0.0, 0.0, 0.0, 0.0, 0.0, 0.0, 0.0, 0.0, 0.0, 0.0, 0.0, 0.0, 0.0, 0.0, 0.0, 0.0, 0.0, 0.0, 0.0, 0.0, 0.0, 0.0, 0.0, 0.0, 0.0, 0.0, 0.0, 0.0, 0.0, 0.0, 0.0, 0.0, 0.0, 0.0, 0.0, 0.0, 0.0, 0.0, 0.0, 0.0, 0.0, 0.0, 0.0, 0.0, 0.0, 0.0, 0.0, 0.0, 0.0, 0.0, 0.0, 0.0, 0.0, 0.0, 0.0, 0.0, 0.0, 0.0, 0.0, 0.0, 0.0, 0.0, 0.0, 0.0, 0.0, 0.0, 0.0, 0.0, 0.0, 0.0, 0.0, 0.0, 0.0, 0.0, 0.0, 0.0, 0.0, 0.0, 0.0, 0.0, 0.0, 0.0, 0.0, 0.0, 0.0, 0.0, 0.0, 0.0, 0.0, 0.0, 0.0, 0.0, 0.0, 0.0, 0.0, 0.0, 0.0, 0.0, 0.0, 0.0, 0.0, 0.0, 0.0, 0.0, 0.0, 0.0, 0.0, 0.0, 0.0, 0.0, 0.0, 0.0, 0.0, 0.0, 0.0, 0.0, 0.0, 0.0, 0.0, 0.0, 0.0, 0.0, 0.0, 0.0, 0.0, 0.0, 0.0, 0.0, 0.0, 0.0, 0.0, 0.0, 0.0, 0.0, 0.0, 0.0, 0.0, 0.0, 0.0, 0.0, 0.0, 0.0, 0.0, 0.0, 0.0, 0.0, 0.0, 0.0, 0.0, 0.0, 0.0, 0.0, 0.0, 0.0, 0.0, 0.0, 0.0, 0.0, 0.0, 0.0, 0.0, 0.0, 0.0, 0.0, 0.0, 0.0, 0.0, 0.0, 0.0, 0.0, 0.0, 0.0, 0.0, 0.0, 0.0, 0.0, 0.0, 0.0, 0.0, 0.0, 0.0, 0.0, 0.0, 0.0, 0.0, 0.0, 0.0, 0.0, 0.0, 0.0, 0.0, 0.0, 0.0, 0.0, 0.0, 0.0, 0.0, 0.0, 0.0, 0.0, 0.0, 0.0, 0.0, 0.0, 0.0, 0.0, 0.0, 0.0, 0.0, 0.0, 0.0, 0.0, 0.0, 0.0, 0.0, 0.0, 0.0, 0.0, 0.0, 0.0, 0.0, 0.0, 0.0, 0.0, 0.0, 0.0, 0.0, 0.0, 0.0, 0.0, 0.0]

adc_data_length 0

humidity_100 4833

detector_temp_100 2945

black_ptrn_period 0

header_version 1

calib_coeffs {'PixelToWavelengthCoeffs': [1751.8580796489698, -0.9113402372390077, -0.00024952182072104706], 'ShiftVectorCoeffs': [-13.128984636281928, 0.08951194737664918, -0.00014503268635618745]}

scanDataIndex 9699329

Serial_number 6110022

day 13

minute 29

black_ptrn_first 0

hour 10

scan_name Column 1

intensity [-124145, -117783, -112360, -106724, -99436, -87279, -76422, -63343, -50143, -36654, -23981, -12735, 681, 9868, 18911, 28566, 37976, 47995, 61396, 71252, 81197, 90818, 100141, 108618, 116596, 126125, 132239, 137165, 140824, 143957, 146012, 148157, 147837, 147369, 146248, 145326, 143888, 142253, 140440, 139330, 137685, 137049, 136101, 135376, 135360, 135264, 136113, 136610, 136424, 138083, 138772, 140225, 141977, 143171, 143654, 145348, 146374, 147000, 147679, 148155, 148057, 147989, 147772, 146358, 145140, -288193, -288193, -288193, -288193, -288193, -288193, -288193, -288193, -288193, -288193, -288193, -288193, -288193, -288193, 143975, 143474, 142726, 141931, 142190, 142133, 143114, -187519, 142929, 143441, 145044, 146262, 147664, 150248, 152173, 154652, 158734, 171203, 179750, 191582, 201390, 210123, 218854, 227622, 236768, 248866, 257498, 266256, 274538, 282113, 289097, -187451, 295603, 304246, 310824, 316357, 322274, 328169, 333708, 339796, 344683, 352287, 354985, 357413, 359088, 360667, 361346, 361017, 359486, 357970, 356041, 351815, 348262, 343592, 339135, -187017, 333295, 327718, 322775, 316393, 312294, 306906, 301703, 293993, 285472, 263020, 254004, 244794, 235926, 226379, 215340, 199089, 187382, 177570, 167601, 159428, 151423, 144937, 137277, -188872, 132575, 129011, 126579, 123844, 121541, 118811, 117403, 114828, 112824, 108856, 107561, 105229, 104041, 102959, 100477, 98788, 97428, 95404, 92739, 91344, 89560, 87321, 84965, -187723, 82494, 79548, 77079, 74671, 70951, 68612, 65061, 60701, 57515, 50764, 46827, 43626, 39466, 33957, 29681, 26346, 21919, 17438, 13219, -288193, -288193, -288193, -288193, -288193, -288193, -288193, -288193, -288193, -288193, -288193, -288193, -288193, -288193, 8057, 4082, -425, -4052, -187531, -8404, -12549, -15715, -20863, -24501, -28771, -32683, 0, 0, 0, 0, 0, 0, 0, 0, 0, 0, 0, 0, 0, 0, 0, 0, 0, 0, 0, 0, 0, 0, 0, 0, 0, 0, 0, 0, 0, 0, 0, 0, 0, 0, 0, 0, 0, 0, 0, 0, 0, 0, 0, 0, 0, 0, 0, 0, 0, 0, 0, 0, 0, 0, 0, 0, 0, 0, 0, 0, 0, 0, 0, 0, 0, 0, 0, 0, 0, 0, 0, 0, 0, 0, 0, 0, 0, 0, 0, 0, 0, 0, 0, 0, 0, 0, 0, 0, 0, 0, 0, 0, 0, 0, 0, 0, 0, 0, 0, 0, 0, 0, 0, 0, 0, 0, 0, 0, 0, 0, 0, 0, 0, 0, 0, 0, 0, 0, 0, 0, 0, 0, 0, 0, 0, 0, 0, 0, 0, 0, 0, 0, 0, 0, 0, 0, 0, 0, 0, 0, 0, 0, 0, 0, 0, 0, 0, 0, 0, 0, 0, 0, 0, 0, 0, 0, 0, 0, 0, 0, 0, 0, 0, 0, 0, 0, 0, 0, 0, 0, 0, 0, 0, 0, 0, 0, 0, 0, 0, 0, 0, 0, 0, 0, 0, 0, 0, 0, 0, 0, 0, 0, 0, 0, 0, 0, 0, 0, 0, 0, 0, 0, 0, 0, 0, 0, 0, 0, 0, 0, 0, 0, 0, 0, 0, 0, 0, 0, 0, 0, 0, 0, 0, 0, 0, 0, 0, 0, 0, 0, 0, 0, 0, 0, 0, 0, 0, 0, 0, 0, 0, 0, 0, 0, 0, 0, 0, 0, 0, 0, 0, 0, 0, 0, 0, 0, 0, 0, 0, 0, 0, 0, 0, 0, 0, 0, 0, 0, 0, 0, 0, 0, 0, 0, 0, 0, 0, 0, 0, 0, 0, 0, 0, 0, 0, 0, 0, 0, 0, 0, 0, 0, 0, 0, 0, 0, 0, 0, 0, 0, 0, 0, 0, 0, 0, 0, 0, 0, 0, 0, 0, 0, 0, 0, 0, 0, 0, 0, 0, 0, 0, 0, 0, 0, 0, 0, 0, 0, 0, 0, 0, 0, 0, 0, 0, 0, 0, 0, 0, 0, 0, 0, 0, 0, 0, 0, 0, 0, 0, 0, 0, 0, 0, 0, 0, 0, 0, 0, 0, 0, 0, 0, 0, 0, 0, 0, 0, 0, 0, 0, 0, 0, 0, 0, 0, 0, 0, 0, 0, 0, 0, 0, 0, 0, 0, 0, 0, 0, 0, 0, 0, 0, 0, 0, 0, 0, 0, 0, 0, 0, 0, 0, 0, 0, 0, 0, 0, 0, 0, 0, 0, 0, 0, 0, 0, 0, 0, 0, 0, 0, 0, 0, 0, 0, 0, 0, 0, 0, 0, 0, 0, 0, 0, 0, 0, 0, 0, 0, 0, 0, 0, 0, 0, 0, 0, 0, 0, 0, 0, 0, 0, 0, 0, 0, 0, 0, 0, 0, 0, 0, 0, 0, 0, 0, 0, 0, 0, 0, 0, 0, 0, 0, 0, 0, 0, 0, 0, 0, 0, 0, 0, 0, 0, 0, 0, 0, 0, 0, 0, 0, 0, 0, 0, 0, 0, 0, 0, 0, 0, 0, 0, 0, 0, 0, 0, 0, 0, 0, 0, 0, 0, 0, 0, 0, 0, 0, 0, 0, 0, 0, 0, 0, 0, 0, 0, 0, 0, 0, 0, 0, 0, 0, 0, 0, 0, 0, 0, 0, 0, 0, 0, 0, 0, 0, 0, 0, 0, 0, 0, 0, 0, 0, 0, 0, 0, 0, 0, 0, 0, 0, 0, 0, 0, 0, 0, 0, 0, 0, 0, 0, 0, 0, 0, 0, 0, 0, 0, 0, 0, 0, 0, 0, 0, 0, 0, 0, 0, 0, 0, 0, 0, 0, 0, 0, 0, 0, 0, 0, 0, 0, 0, 0, 0, 0, 0, 0, 0, 0, 0, 0, 0, 0, 0, 0, 0, 0, 0, 0, 0, 0, 0, 0, 0, 0, 0, 0, 0, 0, 0, 0, 0, 0, 0, 0, 0, 0]

day_of_week 5

length 228

system_temp_100 2983

lamp_pd 3878

